D(G(z))
216.3214286
0.7142857143
5.076923077
3.167808219
2.4
8.76119403
1.126888218
1.089068826
0.8866328257
2.875
2.297297297
1.272727273
3.25
5.703703704
0.2240204429
5.149590164
0.01011247549
1
95.9122807
0.2662266227
0.8208092486
2.293361884
1.963133641
0.7894736842
0.6336633663
0.3209876543
4.066993464
0.2715231788
0.2964470762
0.03222891566
76.59701493
1.060180542
17.45531915
0.7677496992
0.4795682344
20.89447236
4.754464286
1.709573612
7.959128065
0.982300885
0.2451743989
116.46875
0.1876690103
5.859090909
4.719921105
3.546692607
0.1034360609
14.30555556
1.687769307
0.09100283578
1.709570957
1.146655923
98.81132075
3.598047193
48.81746032
1.003894839
0.1797468354
1.069565217
8.06539075
1.718001369
88.65384615
0.6504649197
15.83168317
13.50328947
7.099354839
0.3525917927
0.6702508961
0.9195029714
1.991157556
0.2294043093
3.261016949
0.4001214329
3.3382643
0.3500678426
21.46788991
0.4681972149
0.2094468614
0.7358490566
9.792237443
3.127141569
41.275
0.436155731
13.40691489
0.02152239278
4.583471074
0.8347169811
0.29958159
4.803977273
0.2298195632
7.3484375
8.982490272
170.1190476
0.06876227898
2.116766467
0.03654765252
0.4849600982
0.05891193267
0.04082426128
0.8696013289
0.2695507488
4.152818991
0.7229414811
0.1925625134
0.02927400468
0.8810916179
0.009428260607
5.518691589
36.75
131.4423077
1.81397238
4.076487252
0.5167910448
5.013282732
0.4536453645
68.19444444
26.24867725
1.438294011
6.214397496
0.9565217391
0.03184713376
1.218608169
1.611192931
3.37047619
19.24705882
3
1.191956124
5.78424015
0.4691476591
4.049872123
7.879003559
2.372460497
0.06617818097
1.236294896
1.296568627
24.36649215
0.4161490683
9.909836066
0.4325123153
22.55238095
5.16798419
1.104575163
3.3125
0.09129143988
179.9230769
0.6734594857
0.1851137678
0.4802259887
3.312217195
0.507154213
0.1487414188
3.125319693
1.818353237
8.052
7.226720648
1.227868852
0.2599550745
0.3864778438
0.09873060649
0.4644670051
1.3847981
0.8114035088
10.76470588
1.852941176
55.1
0.7908921933
1.094304388
2.037458795
1.045623836
1.683104756
2.658033573
0.09723233795
0.2204705312
0.2041908159
2.311827957
12.98230088
71.56716418
1.24375
1.344902386
1.402093596
0.3894080997
92.90526316
1.137420719
3.820512821
21.53982301
0.2587939698
0.2167878387
1.865103636
0.2910216718
1.954614221
1.132616487
0.3139377537
1.729124236
188.5416667
1.621026895
2.612244898
1.925650558
3.052941176
31.11320755
8.368421053
0.5259095921
19.77272727
0.02426586953
1.33431085
7.133333333
58.1
1.111111111
3.061258278
1.940789474
0.3572097378
1.296442688
0.3731343284
1.193832599
1.777777778
1.631648063
2.235059761
0.3898989899
1.010940919
0.9420289855
0.8375451264
0.3395133256
0.07692307692
1.869090909
1.520710059
0.7712895377
0.7592592593
0.8846153846
0.3297101449
0.9628099174
2.175
1.674418605
361
386.7142857
33.29310345
0.8231707317
2.17146283
1.025728988
0.1766190076
1.93877551
0.1071904128
1.729452055
9.432989691
1.919354839
0.2878909383
3.351351351
1.115979381
1.160839161
1.461864407
1.217391304
7.772727273
6.586976744
0.5374737334
1.078244275
6.657894737
4.15625
5.007968127
1.428571429
2945.666667
1.240740741
25.32727273
1.213114754
0.6622087133
1.26199262
0.3201160542
0.3644028103
12.02857143
0.5391304348
20.33333333
3.578616352
1.814285714
3.705882353
0.2391857506
0.9647866309
0.7591788393
0.1958576312
10.53409091
18.91366906
6.269565217
10.94444444
157.1034483
1.87202381
8.423469388
2.008196721
5884
1.88372093
5.636904762
2.527131783
1.496138996
1.171974522
0.3218390805
0.753164557
4.588235294
1.92
3.83
1.766423358
2.490275893
5.978201635
0.274042865
0.6043165468
0.6041666667
2.650943396
1.886075949
1.645320197
0.1589403974
39.34259259
26.02105263
1.286458333
36.69918699
0.007524858909
0.2764129616
1.325358852
6.981818182
0.1484918794
0.8212121212
1.151515152
1.434285714
7.178217822
0.8131188119
8.910828025
0.2817679558
1.527989252
1.115681234
2.583333333
0.9451476793
0.2892249527
1.223776224
2.462555066
0.3904933815
7.622516556
24.6969697
1.794258373
0.3526970954
25.35844156
13.42553191
0.3098290598
1.699186992
1.898148148
1.91626409
2.716312057
0.2065775951
8.018181818
1.093596059
2.736514523
397.4
23.33333333
7539
1.028205128
1.1
0.5604395604
1.598540146
7.041666667
3.81215028
6.758974359
1.630985915
5.545454545
3.444444444
0.2614638448
2.295774648
0.01453047061
1.14379085
4.145299145
0.3189655172
0.4181818182
1.35042735
0.8928571429
0.09287841863
0.01044234953
12.52054795
1.032110092
1.532851511
5.280898876
0.7418181818
1.361445783
1.165217391
6.07239819
0.525974026
0.7575757576
1.935672515
3.536231884
2079
32.61538462
1.073352436
0.5115207373
5.237113402
113.3255814
0.152014652
1.025806452
0.2196721311
0.6266666667
2.790909091
0.09537572254
0.8076923077
5.75877193
1.545064378
2.373056995
0.9378806334
2.268817204
2.066225166
2.201183432
1.013605442
0.9401197605
2.078947368
2.716216216
1.176470588
1.255319149
3.383561644
25.8
0.3214285714
0.002748565966
13.368
0.00847098687
2.852390852
0.2154115587
5.491071429
1.193548387
0.7248322148
0.08222490931
0.6141732283
0.4776785714
348.8
0.07323943662
50.17222222
1.023668639
14.92929293
0.0002512878502
0.9303944316
0.5158462576
1.022648084
1.77027027
0.9462365591
2.632478632
1.72392638
1.956521739
1.629213483
2.488372093
0.2828752643
1.283783784
0.9583333333
1.971830986
715.1428571
2.636363636
0.5015673981
0.1330275229
6.804260985
1.829677419
1.442748092
1.924855491
0.3475935829
2.646464646
0.07776793623
2.154545455
4.036666667
0.1636661211
3.292596945
1.654545455
0.1100323625
2.105442177
0.1805111821
13.5890411
1.394736842
1.868965517
0.8947368421
0.9230769231
0.9818181818
1.142857143
25.8
2.915217391
0.09589041096
6.655737705
0.9710144928
6.013333333
2.198113208
30.68539326
4.929824561
0.2219263205
0.6022727273
0.9642857143
0.4405940594
0.6265984655
1.41509434
1.431818182
23.02816901
1.282352941
1.666666667
1.446428571
0.6617647059
1.048951049
3.607142857
1.638297872
3.764705882
0.05825242718
0.3095238095
9.363636364
1.243902439
24.41832669
1.771505376
1.055555556
36.51219512
0.4774774775
3.313953488
0.7829181495
0.1080139373
0.9092783505
0.5846994536
0.9811320755
1.217391304
0.62
0.6339285714
0.9268292683
0.6
2.575342466
0.443877551
0.990990991
1.142857143
1.230769231
0.06254927727
31.5
0.2796610169
1.944055944
3.233918129
1.708333333
5.159292035
1.219178082
5.351351351
0.75
1.152173913
1.114914425
1.736842105
3.368
2.597014925
0.007328539823
1.55859375
1.566433566
1.543859649
1.453900709
1.172727273
3.304347826
5.757894737
10.29834254
3.484375
5.2421875
5.26984127
1.049180328
1.128919861
7.584415584
2.805555556
1.24
3.679245283
0.5058823529
0.24071991
5.058536585
0.333612741
173.1666667
6.415841584
1.546875
0.8035714286
1.457446809
0.4505494505
1.088235294
0.5227272727
1.28358209
1.947368421
1.666666667
0.6315789474
1.29787234
0.9384615385
1
1.369230769
1.217948718
10.20260492
0.1100965759
1.158075601
0.3326848249
1.063205418
3.539256198
76.775
0.4509112287
0.6100795756
13.92045455
1.539473684
0.03909304144
0.9142857143
1.29
0.3863636364
0.09855769231
0.1575023299
0.5213068182
1.497835498
0.6857142857
0.3822222222
0.7857142857
9.364485981
0.1675531915
1.576923077
1.2
0.8
1.948717949
2.838709677
2.891304348
47.86315789
2.290697674
26.625
0.8333333333
0.8169014085
0.9571428571
1.448275862
0.1223170061
1261.75
3.150442478
2.205980066
6.203125
0.2813067151
1.557142857
11.37883959
2.936416185
0.792
0.4905660377
12.68729642
2.269461078
0.9117647059
1.327433628
8.788461538
3.5625
2.085
1.308411215
1.236842105
0.8653846154
0.6578947368
1663
2.358139535
1.816666667
0.7654320988
0.7165991903
1.474358974
0.5681818182
0.95
0.01657458564
1.362318841
2.118644068
0.8666666667
0.2608695652
0.3235294118
1.027777778
0.5510204082
0.8285714286
5.72
0.7407407407
1.466666667
1.038461538
10.9
0.6153846154
1.367647059
2.705882353
7.206546275
0.4150943396
0.6731160896
0.05964912281
1.984848485
0.3340691685
7.023529412
6.73875
1.868725869
1.049180328
0.7777777778
0.391509434
1.064516129
0.8167938931
0.8333333333
1.255319149
0.3957032226
0.4970472441
7.432
0.002653223667
0.8885077187
4.861788618
0.4074074074
2.228915663
3.568100358
32.91891892
0.07277902013
0.7038834951
1.666666667
14.23333333
1.529411765
1.955882353
1.931034483
1.488888889
2.287878788
1.92
0.5608108108
67.77777778
0.935483871
0.7
1.326530612
0.3124297595
0.3538191396
1.857142857
58.4159292
32.11428571
0.7372881356
0.5384615385
0.7575757576
1.159090909
8.625
1266
0.7777777778
1.657142857
1.205128205
0.7100694444
0.005524861878
90.5
0.5095785441
3.479338843
1.604113111
1.2
1.757009346
1.565217391
1.28125
0.3636363636
2.470588235
0.09678675755
1.099686028
0.9006410256
10.5
0.8064516129
2.5
1.672131148
5.402173913
5.993710692
2.5
22.2962963
1.636363636
0.8858447489
1.666666667
0.5263157895
1.789473684
1.342465753
188.8333333
3.154929577
0.6060606061
1.813333333
1.428571429
1.35
1.976190476
2.931034483
30.57142857
0.64
3.269230769
5.730205279
0.1621728787
1.229357798
0.000578302105
6.946721311
0.737704918
1.412280702
0.4393442623
0.5
0.7657657658
208.7777778
0.5418326693
1.12
2.208955224
2.016949153
1.567567568
4.083333333
0.65625
0.5769230769
1.294117647
5.242702252
1.127232143
0.01802388708
1.141666667
11.33183857
13.80722892
0.7727272727
0.2727272727
1.333333333
0.6111111111
1.421052632
1.477272727
0.3436578171
0.7363945578
5.391304348
3.328571429
1.03250478
0.01491742142
1.440860215
1.480519481
1.0375
5.305555556
3.5
2.833333333
1.396226415
2.32
0.2162162162
1.818181818
1.52
1.4
3.137931034
0.9375
0.52









































































































































































































