D(x):
0.6004
0.9983
0.9429
0.9302
0.9723
0.9373
0.9084
0.9603
0.733
0.8449
0.9103
0.9832
0.9783
0.9376
0.7005
0.9481
0.0677
0.9446
0.9928
0.877
0.9492
0.9606
0.8185
0.8398
0.9767
0.9246
0.9334
0.7225
0.545
0.3699
0.9751
0.8231
0.9695
0.842
0.7589
0.9683
0.9518
0.7203
0.8993
0.8472
0.5325
0.9715
0.3378
0.9622
0.8523
0.8901
0.1541
0.9766
0.8771
0.5413
0.7547
0.7808
0.8879
0.975
0.9296
0.8148
0.6527
0.8779
0.9334
0.8478
0.9613
0.6778
0.9304
0.9764
0.9385
0.6428
0.6273
0.7644
0.7559
0.6486
0.8543
0.6823
0.8439
0.6286
0.9307
0.6782
0.6255
0.7671
0.8827
0.8596
0.9103
0.7318
0.9449
0.3267
0.9635
0.8299
0.6432
0.9429
0.7615
0.89
0.9614
0.9878
0.4865
0.911
0.3842
0.7623
0.5094
0.4171
0.9083
0.6723
0.9545
0.6479
0.5819
0.3098
0.8
0.0705
0.9572
0.9385
0.9904
0.9542
0.9236
0.8281
0.9031
0.7077
0.9925
0.9766
0.8802
0.8976
0.8729
0.3674
0.835
0.8794
0.8777
0.9764
0.9653
0.9145
0.946
0.6801
0.8638
0.9427
0.8909
0.3462
0.9096
0.9657
0.862
0.7902
0.893
0.7666
0.9611
0.9776
0.8492
0.8661
0.5696
0.9949
0.8987
0.7357
0.8952
0.8373
0.9024
0.5744
0.9616
0.8465
0.9326
0.98
0.8694
0.4308
0.4508
0.4428
0.8884
0.776
0.9242
0.984
0.9415
0.9383
0.8415
0.9246
0.6937
0.49
0.6548
0.7103
0.2083
0.5407
0.6197
0.9641
0.9713
0.9939
0.9746
0.9422
0.6267
0.3537
0.9814
0.8099
0.9728
0.9665
0.768
0.8715
0.7072
0.7636
0.907
0.9748
0.652
0.9731
0.9967
0.898
0.9797
0.9692
0.975
0.9906
0.9907
0.3942
0.9353
0.3172
0.9675
0.9442
0.9822
0.9683
0.8847
0.9237
0.7382
0.951
0.8968
0.957
0.993
0.7823
0.903
0.8713
0.9242
0.9505
0.9621
0.653
0.8362
0.931
0.9564
0.9418
0.9806
0.9709
0.8847
0.9391
0.9809
0.9573
0.9916
0.9954
0.9461
0.9452
0.942
0.9421
0.646
0.9488
0.8712
0.9808
0.9845
0.8641
0.8204
0.882
0.9686
0.9556
0.9659
0.9772
0.9958
0.836
0.3909
0.921
0.9821
0.9898
0.973
0.9885
0.9986
0.9176
0.9817
0.9737
0.5171
0.784
0.881
0.8138
0.9793
0.9571
0.9243
0.9752
0.9799
0.9725
0.9156
0.4028
0.4237
0.6423
0.9589
0.9744
0.9802
0.9927
0.9765
0.9537
0.9911
0.9673
0.9997
0.7908
0.9877
0.9751
0.9501
0.9463
0.9088
0.9717
0.9959
0.9803
0.9936
0.9875
0.7341
0.842
0.4832
0.7189
0.9432
0.9919
0.9908
0.987
0.9233
0.9729
0.9677
0.9476
0.9904
0.4788
0.4689
0.8241
0.9826
0.8501
0.976
0.976
0.9929
0.9963
0.4994
0.9674
0.8851
0.7408
0.9805
0.9256
0.9509
0.9351
0.988
0.9965
0.5832
0.9022
0.9531
0.9873
0.9448
0.997
0.9694
0.9365
0.9779
0.9932
0.9429
0.9872
0.9225
0.9989
0.9874
0.7274
0.9841
0.9907
0.9989
0.9485
0.9729
0.9678
0.991
0.9718
0.8287
0.9525
0.9848
0.9813
0.9812
0.7296
0.9835
0.5484
0.9464
0.985
0.9596
0.9524
0.9961
0.9817
0.4047
0.2245
0.9799
0.9862
0.7672
0.982
0.9224
0.9827
0.9881
0.9589
0.9476
0.9816
0.9862
0.9956
0.9995
0.9133
0.7314
0.8949
0.976
0.9974
0.6602
0.9767
0.864
0.9594
0.9924
0.8939
0.9829
0.9533
0.8675
0.9899
0.9894
0.9772
0.9919
0.9423
0.9762
0.9965
0.9975
0.9955
0.9917
0.9939
0.9923
0.9899
0.9768
0.0215
0.9421
0.7317
0.903
0.9333
0.9942
0.9332
0.989
0.8899
0.9735
0.9789
0.9779
0.6442
0.9904
0.9693
0.9898
0.2241
0.8812
0.8073
0.8843
0.9801
0.9599
0.9906
0.9826
0.9957
0.9826
0.9941
0.7475
0.9845
0.9756
0.99
0.9511
0.9817
0.9478
0.9195
0.923
0.9151
0.9816
0.9917
0.9492
0.9945
0.3284
0.9768
0.974
0.8765
0.9692
0.9857
0.8919
0.9871
0.8052
0.9913
0.9917
0.9842
0.9856
0.9924
0.9984
0.9866
0.998
0.8389
0.7364
0.9978
0.9861
0.9959
0.9959
0.9594
0.9726
0.7738
0.953
0.9824
0.9516
0.9611
0.9882
0.8569
0.9959
0.9802
0.9941
0.9838
0.9712
0.9893
0.9936
0.9966
0.9975
0.904
0.9635
0.9989
0.991
0.942
0.9636
0.9236
0.9948
0.9735
0.9859
0.931
0.8538
0.9199
0.9668
0.9722
0.9962
0.9831
0.955
0.9829
0.9883
0.9896
0.966
0.9954
0.9784
0.9977
0.5846
0.9981
0.8938
0.9322
0.9396
0.9883
0.9965
0.9812
0.9923
0.9818
0.979
0.9997
0.9984
0.9962
0.9921
0.2366
0.9612
0.9003
0.9819
0.9901
0.9918
0.9906
0.9928
0.9855
0.996
0.9813
0.9872
0.9847
0.9545
0.994
0.9652
0.9766
0.9915
0.9945
0.285
0.9641
0.8108
0.9978
0.9808
0.9762
0.9703
0.985
0.9878
0.9905
0.989
0.9836
0.9941
0.9987
0.9857
0.9928
0.994
0.994
0.999
0.9989
0.8556
0.5335
0.9137
0.8534
0.8892
0.8393
0.993
0.8525
0.9673
0.9945
0.9904
0.8871
0.9949
0.9829
0.9791
0.589
0.8125
0.7453
0.974
0.9689
0.9423
0.9968
0.9789
0.9498
0.9966
0.9909
0.9933
0.9894
0.9893
0.9965
0.9836
0.9866
0.9915
0.9843
0.9913
0.9966
0.9977
0.5073
0.9978
0.9365
0.9859
0.9993
0.9342
0.9874
0.8777
0.9273
0.9811
0.9724
0.9798
0.9331
0.9859
0.9955
0.9951
0.9917
0.9614
0.9952
0.998
0.9873
0.9843
0.9978
0.9549
0.984
0.9739
0.9227
0.9959
0.9845
0.9973
0.8963
0.9929
0.9969
0.9929
0.9785
0.9853
0.9978
0.9923
0.9896
0.9992
0.9933
0.9983
0.9938
0.9983
0.9965
0.9995
0.9982
0.8532
0.6547
0.835
0.6699
0.9596
0.6952
0.9937
0.8878
0.9876
0.9768
0.9778
0.9797
0.9836
0.9885
0.9902
0.9873
0.6879
0.8146
0.9899
0.174
0.9338
0.9745
0.9263
0.9848
0.808
0.979
0.7512
0.9267
0.9923
0.9984
0.9915
0.9921
0.9912
0.9978
0.9954
0.9943
0.9696
0.9994
0.9906
0.9885
0.9943
0.626
0.8197
0.9866
0.953
0.9914
0.9773
0.9836
0.9684
0.9843
0.9856
0.9858
0.9858
0.9988
0.9949
0.8033
0.5054
0.8952
0.9382
0.9928
0.9977
0.9883
0.9915
0.9963
0.9985
0.9721
0.9995
0.3275
0.7136
0.8803
0.9945
0.9743
0.9855
0.9334
0.9945
0.9973
0.9734
0.9958
0.9928
0.9946
0.9886
0.9778
0.9947
0.9914
0.9997
0.9996
0.9821
0.9976
0.9992
0.9958
0.9984
0.9971
0.9997
0.986
0.9989
0.9141
0.6321
0.9888
0.4521
0.9211
0.9317
0.9797
0.9624
0.9239
0.9988
0.9845
0.9298
0.9559
0.9992
0.9932
0.9918
0.9974
0.9895
0.9793
0.9939
0.8708
0.8789
0.7648
0.9428
0.9574
0.9905
0.9862
0.9602
0.9972
0.9792
0.9981
0.9931
0.8829
0.8765
0.9935
0.9888
0.9634
0.7991
0.9887
0.9969
0.9861
0.9994
0.9988
0.9994
0.9989
0.9957
0.9497
0.9915
0.998
0.9966
0.9963
0.9943
0.9869









































































































































































































